495,143
495,54
408,4
495,87
55,10
495,86
495,149
495,142
495,140
61,7
495,85
61,8
61,5
61,4
61,6
495,84
495,148
495,147
495,20
495,83
495,146
495,131
495,145
495,62
495,82
0,362
0,361
0,359
0,357
0,356
0,350
0,344
0,336
0,335
0,334
0,330
0,323
0,322
0,320
0,317
0,313
0,312
0,311
0,306
0,243
0,310
0,305
431,1
431,3
431,0
430,1
430,3
430,0
429,1
429,3
429,0
428,1
428,3
428,0
427,1
427,3
427,0
426,1
426,3
426,0
425,1
425,3
425,0
424,1
424,3
424,0
423,1
423,3
423,0
422,1
422,3
422,0
420,1
420,3
420,0
421,1
421,3
421,0
416,1
416,3
416,0
415,1
415,3
415,0
414,1
414,3
0,316
414,0
413,1
413,3
413,0
412,1
412,3
412,0
411,1
411,3
411,0
410,1
410,3
410,0
409,1
409,3
409,0
408,1
408,3
0,498
408,0
407,1
407,3
407,0
406,1
406,3
0,480
0,314
406,0
0,412
0,9
0,319
0,324
0,491
0,469
0,455
0,450
0,446
0,432
0,460
0,459
0,453
0,479
0,465
0,464
0,417
0,308
0,304
0,303
0,302
0,307
0,444
0,12
0,373
0,10
0,452
0,8
0,0
0,409
0,300
0,354
0,299
0,395
0,298
0,379
0,297
0,296
0,321
0,295
0,353
0,294
0,393
0,293
0,427
0,292
0,318
0,291
0,343
0,290
0,315
0,289
0,339
0,288
0,424
0,287
0,286
0,495
0,285
0,438
0,284
0,338
0,283
0,337
0,282
0,392
0,281
0,489
0,280
0,279
0,400
0,278
0,488
0,277
0,351
0,276
0,493
0,275
0,366
0,367
0,374
0,375
0,378
0,381
0,396
0,402
0,406
0,411
0,437
0,445
0,448
0,449
0,454
0,456
0,458
0,463
0,467
0,478
0,481
0,492
0,500
0,503
0,506
0,511
1,1
1,2
1,4
1,5
1,7
2,1
2,2
2,4
2,5
2,7
2,9
2,10
2,12
2,13
2,15
2,16
2,18
2,20
2,21
2,23
2,24
2,26
2,28
2,29
2,31
2,32
2,34
2,64
2,65
2,67
2,68
2,70
2,71
2,73
2,75
2,76
2,78
2,79
2,81
2,83
2,84
2,86
2,87
2,89
2,90
2,92
2,94
2,95
2,97
2,98
2,100
2,102
2,103
2,105
2,106
2,108
2,109
2,111
2,113
3,0
3,2
3,3
3,5
4,0
4,1
4,3
24,0
24,2
24,4
24,5
24,7
24,8
25,0
25,1
25,3
25,5
25,6
25,8
25,9
25,11
25,13
25,14
25,16
25,17
25,19
25,20
25,22
25,24
25,25
26,0
26,1
26,3
26,5
26,6
26,8
26,9
26,11
26,12
26,14
26,16
26,17
26,19
26,20
27,0
27,2
27,3
27,5
27,6
27,8
27,9
27,11
27,13
27,14
27,16
27,17
27,19
27,21
27,22
27,24
27,25
28,1
28,3
28,4
28,6
28,7
29,1
29,2
29,4
30,1
30,2
30,4
30,5
31,0
31,2
31,3
32,0
32,1
32,3
32,4
32,6
32,8
33,0
33,2
33,3
33,5
33,7
34,0
34,2
34,3
34,5
35,0
35,2
35,4
35,5
35,7
36,0
36,2
36,4
36,5
36,7
36,8
37,0
37,2
37,3
37,5
38,0
38,2
38,3
39,0
39,2
39,3
40,0
40,1
40,3
40,5
41,0
41,2
41,3
41,5
42,0
42,2
42,4
42,5
43,1
43,2
43,4
43,6
43,7
43,9
43,10
43,12
43,13
43,15
44,1
44,2
44,4
45,0
45,2
45,4
45,5
45,7
45,8
46,1
46,2
47,0
47,2
47,3
48,0
48,1
48,3
48,5
48,6
49,1
49,2
49,4
49,6
49,7
50,1
50,2
50,4
50,5
51,0
51,2
51,3
51,5
51,6
52,0
52,2
52,3
52,5
53,0
53,2
53,3
53,5
54,1
54,2
54,4
54,5
55,0
55,2
55,3
55,5
55,6
55,8
55,9
56,1
56,3
56,4
56,6
57,0
57,2
57,4
57,5
58,0
58,1
58,3
58,5
58,6
59,1
59,2
59,4
60,0
60,2
60,4
61,0
61,2
61,3
61,10
61,11
62,1
62,2
62,4
62,6
62,7
62,9
62,10
62,12
62,14
62,15
62,17
62,18
63,1
63,2
63,4
64,0
64,1
64,3
64,4
64,6
65,1
65,2
65,4
66,0
66,2
66,4
67,0
67,2
67,3
67,5
67,6
67,8
68,1
68,2
68,4
68,5
69,0
69,2
69,3
69,5
69,6
70,1
70,2
70,4
70,6
71,0
71,2
71,3
71,5
71,7
72,0
72,2
72,3
72,5
72,6
73,0
73,2
73,3
73,5
73,6
74,0
74,2
74,3
74,5
74,6
74,8
75,0
75,2
75,4
75,5
76,1
76,2
76,4
76,6
77,0
77,2
77,3
78,1
78,3
78,4
78,6
78,7
78,9
78,10
79,0
79,2
79,3
79,5
79,6
80,1
80,3
80,4
80,6
81,0
81,2
81,3
81,5
82,0
82,1
82,3
82,4
82,6
83,1
83,2
83,4
83,5
83,7
83,8
83,10
84,1
84,2
84,4
84,5
84,7
84,9
84,10
84,12
84,13
84,15
84,17
84,18
84,20
84,21
84,23
84,24
84,26
84,28
84,29
84,31
84,32
84,34
84,36
84,37
84,39
84,40
85,0
85,1
85,3
85,5
85,6
86,1
86,2
86,4
87,0
87,1
87,3
88,0
88,2
88,3
89,1
89,3
89,4
90,1
90,2
90,4
90,6
90,7
91,1
91,2
91,4
91,5
91,7
91,9
92,0
92,2
92,3
93,0
93,2
93,3
94,0
94,1
94,3
95,0
95,1
95,3
95,4
95,6
95,7
96,1
96,3
96,4
96,6
97,0
97,2
97,4
98,0
98,2
98,3
99,1
99,2
100,0
100,2
100,3
101,0
101,1
101,3
102,1
102,2
102,4
103,0
103,2
103,3
104,0
104,2
104,3
105,0
105,1
105,3
106,0
106,1
106,3
107,0
107,2
108,0
108,1
108,3
108,4
109,1
109,2
109,4
110,1
110,2
110,4
111,0
111,2
111,4
112,0
112,2
112,3
113,0
113,1
113,3
114,0
114,1
114,3
114,4
115,0
115,2
115,3
115,5
115,6
116,0
116,1
116,3
116,5
116,6
117,1
117,2
117,4
118,0
118,1
118,3
118,4
118,6
118,7
118,9
118,11
118,12
119,1
119,2
119,4
119,6
119,7
119,9
120,0
120,2
120,4
120,5
120,7
120,8
121,0
121,1
121,3
121,5
121,6
121,8
121,9
122,1
122,3
122,4
122,6
122,7
122,9
122,10
123,0
123,2
123,3
123,5
123,6
123,8
123,10
123,11
124,0
124,1
124,3
124,4
125,1
125,3
125,4
125,6
126,0
126,2
127,0
127,1
127,3
127,4
128,0
128,2
128,3
128,5
128,6
129,0
129,1
129,3
130,0
130,1
130,3
130,4
130,6
131,0
131,1
131,3
131,4
132,0
132,1
132,3
132,5
133,0
133,2
133,3
133,5
134,0
134,1
134,3
134,4
135,0
135,1
135,3
136,0
136,1
136,3
136,4
136,6
137,1
137,2
137,4
137,5
138,1
138,3
138,4
139,1
139,2
139,4
139,5
140,1
140,3
140,4
141,0
141,1
141,3
142,1
142,2
142,4
142,5
143,1
143,2
143,4
144,0
144,1
144,3
144,4
145,0
145,2
145,3
145,5
146,0
146,2
146,3
147,0
147,2
147,3
148,1
148,2
148,4
148,6
148,7
148,9
148,10
148,12
149,0
149,2
149,4
149,5
150,1
150,2
150,4
151,0
151,1
151,3
152,0
152,2
153,0
153,1
153,3
154,0
154,2
154,3
155,0
155,2
155,3
156,0
156,1
156,3
156,5
156,6
157,1
157,2
157,4
157,5
158,0
158,2
158,3
158,5
159,0
159,2
159,4
160,0
160,2
160,3
160,5
160,6
160,8
160,10
160,11
160,13
160,14
161,0
161,2
161,3
161,5
161,6
162,0
162,2
162,3
162,5
163,0
163,2
163,3
163,5
163,7
163,8
164,1
164,2
164,4
165,0
165,1
165,3
165,4
166,1
166,2
166,4
166,6
167,0
167,2
167,3
168,1
168,3
169,0
169,2
169,3
169,5
169,6
170,0
170,2
170,3
170,5
171,0
171,2
171,4
171,5
172,0
172,1
172,3
173,0
173,2
173,4
173,5
174,1
174,2
174,4
174,6
174,7
175,1
175,2
175,4
176,0
176,1
176,3
177,0
177,2
177,3
177,5
177,7
178,0
178,2
178,3
178,5
179,0
179,1
179,3
179,4
180,1
180,2
180,4
180,6
181,0
181,2
181,3
181,5
182,0
182,1
182,3
182,4
183,1
183,2
183,4
183,6
183,7
184,1
184,2
184,4
184,6
185,0
185,2
185,3
185,5
185,7
186,0
186,2
186,3
187,0
187,1
187,3
187,5
188,0
188,2
188,3
189,0
189,2
189,3
189,5
189,6
190,1
190,2
190,4
190,6
191,0
191,2
191,3
191,5
192,0
192,1
192,3
192,4
193,1
193,2
193,4
193,6
194,0
194,2
194,3
195,0
195,2
195,3
195,5
196,0
196,2
196,3
196,5
197,1
197,2
197,4
198,0
198,2
198,4
198,5
199,1
199,2
199,4
200,1
200,2
200,4
200,5
201,1
201,2
201,4
202,1
202,2
202,4
203,0
203,2
203,4
203,5
203,7
204,0
204,2
204,3
204,5
205,0
205,1
205,3
206,0
206,2
206,4
206,5
207,1
207,2
207,4
207,5
208,1
208,3
209,0
209,2
209,3
210,0
210,2
210,3
211,0
211,1
211,3
212,0
212,1
212,3
212,4
213,1
213,2
213,4
214,1
214,2
214,4
215,0
215,2
215,4
215,5
216,1
216,2
216,4
216,5
216,7
217,1
217,2
217,4
218,0
218,2
219,0
219,1
219,3
219,4
220,1
220,2
220,4
221,0
221,1
221,3
221,4
221,6
222,1
222,2
222,4
223,0
223,2
223,4
224,0
224,2
224,3
224,5
224,6
225,1
225,3
225,4
226,0
226,1
226,3
226,5
227,0
227,2
227,3
227,5
227,6
228,1
228,3
228,4
229,0
229,1
229,3
229,5
229,6
230,1
230,2
230,4
231,0
231,2
231,4
231,5
232,0
232,1
232,3
232,5
233,0
233,2
233,3
233,5
233,6
234,1
234,3
234,4
235,0
235,1
235,3
235,5
236,0
236,2
236,3
236,5
236,7
236,8
237,0
237,1
237,3
237,4
238,1
238,3
238,4
239,0
239,1
239,3
240,0
240,1
240,3
240,4
241,0
241,1
241,3
242,0
242,1
242,3
242,4
242,6
242,8
243,0
243,2
243,3
244,1
244,2
244,4
245,1
245,2
245,4
245,5
245,7
246,1
246,2
246,4
247,0
247,2
247,4
247,5
248,0
248,1
248,3
248,4
248,6
249,1
249,2
249,4
249,5
250,0
250,2
250,3
250,5
250,6
251,1
251,2
251,4
251,6
252,0
252,2
252,3
252,5
252,7
253,0
253,2
253,3
253,5
254,0
254,2
254,4
255,0
255,2
255,3
256,0
256,2
256,3
257,0
257,1
257,3
257,4
257,6
258,1
258,2
258,4
259,0
259,2
259,4
260,0
260,2
260,3
261,0
261,2
261,3
262,0
262,1
262,3
262,4
263,1
263,3
263,4
264,1
264,2
264,4
265,1
265,2
265,4
266,0
266,2
266,3
267,0
267,2
267,3
268,0
268,1
268,3
269,0
269,1
269,3
269,4
270,1
270,2
270,4
271,1
271,2
271,4
271,5
272,1
272,3
272,4
273,1
273,2
273,4
274,0
274,1
274,3
274,4
275,1
275,2
275,4
276,1
276,2
276,4
277,0
277,2
277,4
277,5
278,1
278,2
278,4
278,5
278,7
279,0
279,1
279,3
279,4
279,6
280,0
280,1
280,3
280,4
280,6
280,7
281,1
281,3
281,4
282,0
282,1
282,3
282,5
282,6
283,1
283,2
283,4
283,5
284,0
284,2
284,3
285,0
285,1
285,3
285,5
285,6
286,0
286,1
286,3
286,5
287,0
287,2
287,3
288,1
288,2
288,4
288,6
288,7
289,1
289,2
289,4
289,6
289,7
290,1
290,2
291,0
291,1
291,3
292,0
292,1
292,3
292,4
293,1
293,3
293,4
293,6
293,7
294,1
294,2
294,4
294,6
294,7
295,1
295,2
295,4
295,6
295,7
296,1
296,2
296,4
297,1
297,2
297,4
298,0
298,2
298,3
298,5
299,0
299,1
299,3
299,4
300,1
300,3
300,4
301,0
301,1
301,3
301,4
302,1
302,3
302,4
303,0
303,1
303,3
304,0
304,1
304,3
304,4
305,1
305,2
305,4
306,0
306,1
306,3
306,4
307,0
307,2
307,3
307,5
308,0
308,2
308,4
308,5
309,0
309,1
309,3
309,4
309,6
310,1
310,2
310,4
310,5
311,1
311,3
311,4
312,1
312,2
312,4
313,0
313,2
313,4
313,5
314,0
314,1
314,3
314,5
314,6
314,8
314,9
315,1
315,2
315,4
315,6
316,0
316,2
316,3
316,5
317,0
317,1
317,3
317,4
317,6
318,0
318,2
318,4
318,5
318,7
319,0
319,2
319,4
320,0
320,2
320,3
320,5
320,7
321,0
321,2
321,3
321,5
321,6
322,1
322,3
322,4
323,1
323,2
323,4
323,6
324,0
324,2
324,3
325,0
325,1
325,3
326,0
326,1
326,3
326,4
327,0
327,2
327,3
328,1
328,2
328,4
329,0
329,2
329,4
329,5
329,7
329,8
330,1
330,3
330,4
331,0
331,1
331,3
332,0
332,1
332,3
332,4
333,1
333,2
333,4
334,1
334,2
334,4
335,0
335,2
335,4
335,5
336,1
336,2
336,4
336,5
336,7
337,1
337,2
337,4
337,5
338,1
338,3
338,4
339,0
339,1
339,3
339,4
339,6
340,1
340,2
340,4
340,5
341,0
341,2
341,3
342,0
342,1
342,3
342,4
343,1
343,3
343,4
343,6
344,0
344,2
344,4
345,0
345,2
345,3
345,5
345,7
346,0
346,2
346,3
347,0
347,1
347,3
347,5
348,0
348,2
348,3
349,0
349,2
349,3
350,0
350,1
350,3
350,4
350,6
351,0
351,1
351,3
351,4
352,0
352,2
352,3
353,0
353,1
353,3
353,4
353,6
354,1
354,2
354,4
354,5
354,7
355,0
355,1
355,3
355,4
356,0
356,2
356,3
357,0
357,1
357,3
357,4
358,0
358,2
358,3
359,0
359,1
359,3
359,5
360,0
360,2
360,3
361,0
361,1
361,3
362,0
362,1
362,3
362,4
363,1
363,3
363,4
363,6
363,7
364,1
364,2
364,4
365,0
365,1
365,3
365,4
365,6
366,1
366,2
366,4
366,5
367,1
367,2
367,4
367,6
368,0
368,2
368,3
368,5
369,1
369,2
369,4
369,5
370,0
370,2
370,3
370,5
371,0
371,2
371,3
372,0
372,2
372,3
373,1
373,2
373,4
373,6
374,0
374,2
374,3
374,5
375,0
375,2
375,4
376,0
376,2
376,3
377,0
377,2
377,3
377,5
378,0
378,2
378,3
378,5
379,1
379,2
379,4
380,0
380,2
380,4
381,0
381,2
381,3
381,5
382,1
382,2
383,0
383,1
383,3
383,4
384,1
384,3
384,4
384,6
385,0
385,2
385,4
385,5
386,0
386,1
386,3
386,4
387,0
387,2
387,3
387,5
387,6
388,1
388,3
388,4
388,6
388,7
389,0
389,1
389,3
389,5
389,6
390,1
390,2
390,4
391,0
391,1
391,3
391,4
392,0
392,2
392,3
393,0
393,1
393,3
393,4
394,0
394,2
394,3
395,0
395,1
395,3
396,0
396,1
396,3
396,4
396,6
397,0
397,2
397,4
397,5
398,1
398,2
398,4
399,1
399,2
399,4
399,5
400,1
400,2
400,4
400,6
400,7
401,0
401,1
401,3
402,0
402,1
402,3
402,4
402,6
403,0
403,2
403,4
403,5
404,1
404,2
404,4
405,1
405,2
405,4
406,2
406,5
406,7
407,2
409,2
410,2
410,4
410,6
411,4
412,2
413,2
413,4
414,4
414,6
414,7
415,4
416,2
416,5
417,0
417,2
417,4
418,0
418,2
418,3
418,5
420,4
420,5
421,2
422,2
424,2
425,2
427,2
429,2
430,2
432,0
432,1
432,3
433,1
433,2
433,4
434,0
434,2
434,4
435,0
435,2
435,3
436,0
436,1
436,3
436,5
437,0
437,2
437,3
437,5
438,1
438,2
438,4
439,0
439,2
439,3
440,0
440,2
440,3
440,5
440,6
441,1
441,3
441,4
442,1
442,2
442,4
442,5
442,7
442,9
442,10
443,0
443,1
443,3
443,5
443,6
444,1
444,2
444,4
444,5
445,0
445,2
445,3
446,0
446,1
446,3
446,5
447,0
447,2
447,3
447,5
448,0
448,1
448,3
448,4
449,0
449,1
449,3
449,5
450,0
450,2
450,3
451,0
451,2
451,3
451,5
452,0
452,2
452,3
453,1
453,3
453,4
453,6
453,7
454,1
454,3
455,0
455,2
455,3
456,1
456,2
456,4
456,6
457,0
457,2
457,3
457,5
458,0
458,1
458,3
458,4
459,1
459,3
459,4
459,6
460,0
460,2
460,3
460,5
461,1
461,2
461,4
461,5
462,1
462,3
462,4
463,0
463,1
463,3
464,0
464,2
464,4
465,0
465,2
465,3
465,5
466,1
466,2
466,4
466,5
466,7
467,0
467,2
467,4
467,5
468,1
468,2
468,4
469,0
469,1
469,3
470,0
470,2
470,3
470,5
471,1
471,2
471,4
472,0
472,2
472,4
472,5
473,1
473,2
473,4
474,0
474,1
474,3
474,4
475,0
475,1
475,3
475,5
476,0
476,2
476,3
476,5
477,1
477,2
477,4
478,0
478,2
478,3
479,0
479,2
479,3
479,5
480,0
480,2
480,4
480,5
481,1
481,2
481,4
481,5
482,1
482,3
482,4
483,1
483,2
484,0
484,2
484,3
484,5
484,6
485,0
485,2
485,3
486,0
486,1
486,3
486,4
487,1
487,3
487,4
488,1
488,2
488,4
489,1
489,2
489,4
489,5
490,1
490,2
490,4
491,1
491,2
491,4
492,0
492,2
492,4
493,0
493,2
493,3
494,0
494,1
494,3
495,0
495,1
495,3
495,4
495,6
495,8
495,9
495,11
495,12
495,14
495,16
495,17
495,19
495,22
495,23
495,25
495,27
495,28
495,30
495,31
495,33
495,35
495,36
495,38
495,39
495,41
495,42
495,44
495,46
495,47
495,49
495,50
495,52
495,55
495,57
495,58
495,60
495,61
495,63
495,65
495,66
495,68
495,69
495,71
495,73
495,74
495,76
495,77
495,79
495,80
495,128
495,130
495,133
495,134
495,136
495,138
495,139
495,141
495,144
495,137
495,135
495,132
495,129
495,81
495,78
495,75
495,72
495,70
495,67
495,64
495,59
495,56
495,53
495,51
495,48
495,45
495,43
495,40
495,37
495,34
495,32
495,29
495,26
495,24
495,21
495,18
495,15
495,13
495,10
495,7
495,5
495,2
494,4
494,2
493,4
493,1
492,3
492,1
491,3
491,0
490,3
490,0
489,3
489,0
488,3
488,0
487,2
487,0
486,2
485,4
485,1
484,7
484,4
484,1
483,3
483,0
482,2
482,0
481,3
481,0
480,3
480,1
479,4
479,1
478,4
478,1
477,3
477,0
476,4
476,1
475,4
475,2
474,5
474,2
473,5
473,3
473,0
472,3
472,1
471,3
471,0
470,4
470,1
469,2
468,5
468,3
468,0
467,3
467,1
466,6
466,3
466,0
465,4
465,1
464,3
464,1
463,2
462,5
462,2
462,0
461,3
461,0
460,4
460,1
459,5
459,2
459,0
458,2
457,6
457,4
457,1
456,5
456,3
456,0
455,1
454,2
454,0
453,5
453,2
453,0
452,1
451,4
451,1
450,4
450,1
449,4
449,2
448,5
448,2
447,6
447,4
447,1
446,4
446,2
445,4
445,1
444,6
444,3
444,0
443,4
443,2
442,11
442,8
442,6
442,3
442,0
441,2
441,0
440,4
440,1
439,4
439,1
438,3
438,0
437,4
437,1
436,4
436,2
435,4
435,1
434,3
434,1
433,3
433,0
432,2
431,2
428,2
426,2
423,2
420,6
420,2
418,4
418,1
417,3
417,1
416,4
415,2
414,5
414,2
412,4
411,2
410,5
409,4
408,2
406,6
406,4
405,3
405,0
404,3
404,0
403,3
403,1
402,5
402,2
401,4
401,2
400,8
400,5
400,3
400,0
399,3
399,0
398,3
398,0
397,3
397,1
396,5
396,2
395,4
395,2
394,4
394,1
393,5
393,2
392,4
392,1
391,5
391,2
390,5
390,3
390,0
389,4
389,2
388,8
388,5
388,2
388,0
387,4
387,1
386,5
386,2
385,6
385,3
385,1
384,5
384,2
384,0
383,2
382,3
382,0
381,4
381,1
380,3
380,1
379,3
379,0
378,4
378,1
377,4
377,1
376,4
376,1
375,3
375,1
374,4
374,1
373,5
373,3
373,0
372,1
371,4
371,1
370,4
370,1
369,6
369,3
369,0
368,4
368,1
367,5
367,3
367,0
366,3
366,0
365,5
365,2
364,5
364,3
364,0
363,5
363,2
363,0
362,2
361,4
361,2
360,4
360,1
359,4
359,2
358,4
358,1
357,5
357,2
356,4
356,1
355,5
355,2
354,8
354,6
354,3
354,0
353,5
353,2
352,4
352,1
351,5
351,2
350,7
350,5
350,2
349,4
349,1
348,4
348,1
347,4
347,2
346,4
346,1
345,6
345,4
345,1
344,3
344,1
343,5
343,2
343,0
342,2
341,4
341,1
340,6
340,3
340,0
339,5
339,2
338,5
338,2
338,0
337,3
337,0
336,6
336,3
336,0
335,3
335,1
334,3
334,0
333,3
333,0
332,2
331,4
331,2
330,5
330,2
330,0
329,6
329,3
329,1
328,3
328,0
327,1
326,5
326,2
325,4
325,2
324,4
324,1
323,5
323,3
323,0
322,2
322,0
321,4
321,1
320,6
320,4
320,1
319,3
319,1
318,6
318,3
318,1
317,5
317,2
316,6
316,4
316,1
315,5
315,3
315,0
314,7
314,4
314,2
313,6
313,3
313,1
312,3
312,0
311,2
311,0
310,3
310,0
309,5
309,2
308,6
308,3
308,1
307,4
307,1
306,5
306,2
305,5
305,3
305,0
304,2
303,4
303,2
302,5
302,2
302,0
301,2
300,5
300,2
300,0
299,2
298,6
298,4
298,1
297,3
297,0
296,3
296,0
295,5
295,3
295,0
294,5
294,3
294,0
293,5
293,2
293,0
292,2
291,4
291,2
290,3
290,0
289,5
289,3
289,0
288,5
288,3
288,0
287,1
286,4
286,2
285,7
285,4
285,2
284,4
284,1
283,6
283,3
283,0
282,4
282,2
281,5
281,2
281,0
280,5
280,2
279,7
279,5
279,2
278,8
278,6
278,3
278,0
277,3
277,1
276,3
276,0
275,3
275,0
274,2
273,5
273,3
273,0
272,2
272,0
271,3
271,0
270,3
270,0
269,2
268,4
268,2
267,4
267,1
266,4
266,1
265,3
265,0
264,3
264,0
263,2
263,0
262,2
261,4
261,1
260,4
260,1
259,3
259,1
258,3
258,0
257,5
257,2
256,4
256,1
255,4
255,1
254,3
254,1
253,4
253,1
252,6
252,4
252,1
251,5
251,3
251,0
250,4
250,1
249,6
249,3
249,0
248,5
248,2
247,6
247,3
247,1
246,3
246,0
245,6
245,3
245,0
244,3
244,0
243,1
242,7
242,5
242,2
241,4
241,2
240,5
240,2
239,4
239,2
238,5
238,2
238,0
237,2
236,9
236,6
236,4
236,1
235,4
235,2
234,5
234,2
234,0
233,4
233,1
232,4
232,2
231,6
231,3
231,1
230,3
230,0
229,4
229,2
228,5
228,2
228,0
227,4
227,1
226,4
226,2
225,5
225,2
225,0
224,4
224,1
223,3
223,1
222,3
222,0
221,5
221,2
220,5
220,3
220,0
219,2
218,3
218,1
217,3
217,0
216,6
216,3
216,0
215,3
215,1
214,3
214,0
213,3
213,0
212,2
211,4
211,2
210,4
210,1
209,4
209,1
208,2
208,0
207,3
207,0
206,3
206,1
205,2
204,6
204,4
204,1
203,6
203,3
203,1
202,3
202,0
201,3
201,0
200,3
200,0
199,3
199,0
198,3
198,1
197,3
197,0
196,4
196,1
195,4
195,1
194,4
194,1
193,5
193,3
193,0
192,2
191,6
191,4
191,1
190,5
190,3
190,0
189,4
189,1
188,4
188,1
187,4
187,2
186,4
186,1
185,6
185,4
185,1
184,5
184,3
184,0
183,5
183,3
183,0
182,2
181,6
181,4
181,1
180,5
180,3
180,0
179,2
178,6
178,4
178,1
177,6
177,4
177,1
176,2
175,5
175,3
175,0
174,5
174,3
174,0
173,3
173,1
172,2
171,6
171,3
171,1
170,4
170,1
169,7
169,4
169,1
168,2
168,0
167,1
166,5
166,3
166,0
165,2
164,5
164,3
164,0
163,6
163,4
163,1
162,4
162,1
161,7
161,4
161,1
160,15
160,12
160,9
160,7
160,4
160,1
159,3
159,1
158,4
158,1
157,6
157,3
157,0
156,4
156,2
155,4
155,1
154,4
154,1
153,2
152,3
152,1
151,2
150,5
150,3
150,0
149,3
149,1
148,11
148,8
148,5
148,3
148,0
147,1
146,4
146,1
145,4
145,1
144,5
144,2
143,5
143,3
143,0
142,3
142,0
141,2
140,5
140,2
140,0
139,3
139,0
138,2
138,0
137,3
137,0
136,5
136,2
135,4
135,2
134,5
134,2
133,6
133,4
133,1
132,4
132,2
131,5
131,2
130,7
130,5
130,2
129,4
129,2
128,7
128,4
128,1
127,5
127,2
126,3
126,1
125,5
125,2
125,0
124,2
123,12
123,9
123,7
123,4
123,1
122,11
122,8
122,5
122,2
122,0
121,7
121,4
121,2
120,9
120,6
120,3
120,1
119,8
119,5
119,3
119,0
118,10
118,8
118,5
118,2
117,5
117,3
117,0
116,4
116,2
115,7
115,4
115,1
114,5
114,2
113,4
113,2
112,4
112,1
111,3
111,1
110,3
110,0
109,3
109,0
108,2
107,3
107,1
106,2
105,4
105,2
104,4
104,1
103,4
103,1
102,3
102,0
101,2
100,4
100,1
99,3
99,0
98,1
97,3
97,1
96,5
96,2
96,0
95,5
95,2
94,4
94,2
93,4
93,1
92,4
92,1
91,8
91,6
91,3
91,0
90,5
90,3
90,0
89,2
89,0
88,1
87,2
86,5
86,3
86,0
85,4
85,2
84,41
84,38
84,35
84,33
84,30
84,27
84,25
84,22
84,19
84,16
84,14
84,11
84,8
84,6
84,3
84,0
83,9
83,6
83,3
83,0
82,5
82,2
81,6
81,4
81,1
80,5
80,2
80,0
79,4
79,1
78,11
78,8
78,5
78,2
78,0
77,1
76,5
76,3
76,0
75,3
75,1
74,7
74,4
74,1
73,7
73,4
73,1
72,7
72,4
72,1
71,6
71,4
71,1
70,5
70,3
70,0
69,4
69,1
68,6
68,3
68,0
67,7
67,4
67,1
66,3
66,1
65,3
65,0
64,5
64,2
63,5
63,3
63,0
62,16
62,13
62,11
62,8
62,5
62,3
62,0
61,9
61,1
60,3
60,1
59,3
59,0
58,4
58,2
57,6
57,3
57,1
56,5
56,2
56,0
55,7
55,4
55,1
54,6
54,3
54,0
53,4
53,1
52,4
52,1
51,7
51,4
51,1
50,6
50,3
50,0
49,5
49,3
49,0
48,4
48,2
47,4
47,1
46,3
46,0
45,6
45,3
45,1
44,3
44,0
43,14
43,11
43,8
43,5
43,3
43,0
42,3
42,1
41,4
41,1
40,4
40,2
39,4
39,1
38,4
38,1
37,4
37,1
36,9
36,6
36,3
36,1
35,6
35,3
35,1
34,4
34,1
33,6
33,4
33,1
32,7
32,5
32,2
31,4
31,1
30,6
30,3
30,0
29,3
29,0
28,5
28,2
28,0
27,23
27,20
27,18
27,15
27,12
27,10
27,7
27,4
27,1
26,21
26,18
26,15
26,13
26,10
26,7
26,4
26,2
25,26
25,23
25,21
25,18
25,15
25,12
25,10
25,7
25,4
25,2
24,9
24,6
24,3
24,1
4,2
3,6
3,4
3,1
2,112
2,110
2,107
2,104
2,101
2,99
2,96
2,93
2,91
2,88
2,85
2,82
2,80
2,77
2,74
2,72
2,69
2,66
2,35
2,33
2,30
2,27
2,25
2,22
2,19
2,17
2,14
2,11
2,8
2,6
2,3
2,0
1,6
1,3
1,0
0,505
0,502
0,490
0,473
0,466
0,457
0,451
0,447
0,443
0,410
0,399
0,386
0,376
0,371
0,509
0,274
0,403
0,273
0,434
0,272
0,421
0,271
0,508
0,270
0,474
0,269
0,391
0,268
0,369
0,267
0,420
0,266
0,340
0,265
0,433
0,264
0,349
0,263
0,419
0,262
0,372
0,261
0,397
0,260
0,494
0,259
0,470
0,258
0,507
0,257
0,485
0,256
0,388
0,255
0,370
0,254
0,416
0,253
0,436
0,252
0,333
0,251
0,401
0,250
0,423
0,249
0,487
0,248
0,408
0,247
0,377
0,246
0,245
0,309
0,244
0,482
0,242
0,363
0,241
0,477
0,240
0,384
0,239
0,385
0,238
0,476
0,237
0,368
0,236
0,486
0,235
0,415
0,234
0,365
0,233
0,387
0,232
0,414
0,231
0,484
0,230
0,364
0,229
0,422
0,228
0,301
0,227
0,413
0,226
0,355
0,225
0,468
0,224
0,430
0,223
0,429
0,222
0,332
0,221
0,462
0,220
0,380
0,219
0,383
0,218
0,348
0,217
0,398
0,216
0,382
0,215
0,405
0,214
0,510
0,213
0,331
0,212
0,407
0,211
0,418
0,210
0,347
0,209
0,428
0,208
0,439
0,207
0,390
0,206
0,504
0,205
0,442
0,204
0,475
0,203
0,426
0,202
0,201
0,471
0,200
0,501
0,199
0,358
0,198
0,472
0,197
0,346
0,196
0,496
0,195
0,461
0,194
0,345
0,193
0,441
0,192
0,404
0,63
0,329
0,62
0,425
0,61
0,440
0,60
0,59
0,328
0,58
0,57
0,389
0,56
0,360
0,55
0,327
0,54
0,341
0,53
0,352
0,52
0,483
0,51
0,499
0,50
0,325
0,49
0,326
0,48
0,342
0,47
0,497
0,46
0,394
0,45
0,435
0,6
0,5
0,1
0,431
0,11
0,4
0,2
0,3
0,7
